0
2
100

4
   50     0     0     0
   37     7     3     3

5
   26     7     5    10     2
   26    12     6     6     0

5
   10    27     5     1     7
   15    23     0     4     8

3
   49     1     0
   48     0     2

5
    7    20    14     9     0
    3    18    17     6     6

4
   15    16    17     2
    8    15    25     2

5
    7    14    16    13     0
    7     2    26    11     4

5
   19    12    13     4     2
    6    27    12     3     2

2
   48     2
   49     1

4
   40     3     6     1
   41     4     1     4

5
    5    20     2     5    18
    0    19     3    17    11

3
    5     6    39
   10    10    30

3
   40     1     9
   45     1     4

5
    4    11    10    17     8
    8     6    21     4    11

3
   41     9     0
   40     9     1

5
    7    22     2     2    17
   11    19     8     0    12

4
   35     9     5     1
   30     9     5     6

5
   35    11     4     0     0
   32     2    12     2     2

5
   15    14     8    10     3
   13    11     2    21     3

5
   19    16     2     8     5
    3    13     6    14    14

5
   22    19     5     3     1
   22    16     0    12     0

5
    6    24    14     6     0
    7    22    17     3     1

4
   32    12     5     1
   25    10    11     4

4
   17    25     7     1
   14    17     9    10

3
    6    43     1
    2    47     1

4
   14     4    30     2
    9     8    32     1

5
   23     9     8     7     3
    6     9    11    23     1

2
   49     1
   50     0

4
   23    14     1    12
   11    36     0     3

5
   15    12    14     9     0
    7    10    28     1     4

3
   27    23     0
   21    25     4

4
   15    28     2     5
   12    21     4    13

5
   11    12    19     7     1
   12     4    20    12     2

5
    9    14    25     0     2
    1    18    28     3     0

4
   42     2     5     1
   33     7     3     7

5
   24     4    10     4     8
    7     9     3    15    16

3
   28    10    12
   41     3     6

5
   13    14    13     8     2
   12    15    12     1    10

5
   15     5    21     7     2
   18    10     3    18     1

5
   20    14    11     3     2
   14     5     4     4    23

4
   20    20     8     2
   19    15    13     3

5
   16    13    12     8     1
    2    12    16    18     2

5
   28     4     9     2     7
   18     2    10     1    19

2
   34    16
   34    16

4
   22    14    14     0
   18     8    13    11

5
   28    10     8     4     0
   22    12    10     2     4

5
   14    28     6     2     0
   16    21    12     0     1

4
   19    15    14     2
   13    26     9     2

5
   22     9    11     8     0
    8     1    25    10     6

2
   47     3
   48     2

4
   35     6     1     8
   29     3     8    10

5
    6    13    18    13     0
    6    11    17    13     3

5
   12    17    14     7     0
    4    11    11    13    11

4
   29    17     4     0
    7    20     0    23

4
   23     9     9     9
   19     5    15    11

2
   47     3
   50     0

5
   44     5     0     0     1
   29     8     4     9     0

5
    7    14    18     7     4
    6    22     7     6     9

5
   13    11     8    13     5
   11     5     8    21     5

3
   11    26    13
   18    17    15

3
    8    27    15
   11    35     4

4
    4    41     3     2
    1    47     0     2

5
   34     6    10     0     0
   27     7     7     8     1

4
   23    16     3     8
   11    18     4    17

5
   21    10    16     3     0
   21    16     1     3     9

2
   47     3
   49     1

5
   14    10    23     2     1
   12     1    31     2     4

5
   26     4    13     4     3
   22     4    13     8     3

5
   28     6     4    11     1
   32    12     2     3     1

5
   22     4    17     7     0
   23    14     1     9     3

5
   10    27    10     3     0
    6    33     2     5     4

3
   37     9     4
   36    12     2

4
   19    19     9     3
   19    23     8     0

5
   12    22    12     4     0
   21     9     0     5    15

3
   40     7     3
   34     7     9

4
   23     3    21     3
   21     0    26     3

5
   25    12    12     0     1
    5    11    21    10     3

3
   29    21     0
   28    16     6

4
   29    12     8     1
   29     8    11     2

5
   10    11    12    15     2
    7    11     9    10    13

5
    8    10    10    18     4
   16     8    17     9     0

5
   23    13     3    10     1
   16     5     1    28     0

5
   26    14     6     1     3
   34    10     2     1     3

5
   34     7     1     2     6
   32    13     1     0     4

5
   19    19     8     1     3
   10    19    16     4     1

5
   27     6     8     4     5
   15    11    10     0    14

5
   17     7     6     9    11
   14    11     9    16     0

5
   20     7    12     3     8
   19     2    17    12     0

5
    7    13     7    12    11
    0    21    18     8     3

5
   10    17    10    12     1
    5    21     5    18     1

2
   36    14
   34    16

5
    6    11    32     1     0
    1     6    27    15     1

5
   29    12     3     4     2
   43     5     0     1     1

5
   10    26    13     0     1
    8    18    13     5     6

5
   15    28     6     0     1
    7    28    11     2     2

4
   42     8     0     0
    5    22    15     8

5
   44     6     0     0     0
    0    11    19    11     9

5
   25    25     0     0     0
    1     4    25    15     5

5
   46     4     0     0     0
   18     2    10     6    14

4
   24    26     0     0
    3     4    37     6
